TestImage/DQN_HVN_Episode(16)_Episode(252).png: -213.83292480795694
TestImage/DQN_HVN_Episode(16)_Episode(189).png: 55.580834324961344
TestImage/DQN_HVN_Episode(16)_Episode(126).png: 116.49479000112709
TestImage/DQN_HVN_Episode(16)_Episode(63).png: 5.679040242680871
TestImage/DQN_HVN_Episode(16)_Episode(21).png: -30.88948655521829
TestImage/DQN_HVN_Episode(16)_Episode(10).png: 0.0
SaveModel/DQN_HVN_Episode(0): 2.514870230252945
SaveModel/DQN_HVN_Episode(1): -14.127163847931874
SaveModel/DQN_HVN_Episode(2): 4.8623642611999
SaveModel/DQN_HVN_Episode(3): -27.468773233881773
SaveModel/DQN_HVN_Episode(4): 13.4974207126351
SaveModel/DQN_HVN_Episode(5): -13.407230435626907
SaveModel/DQN_HVN_Episode(6): 9.110828323151331
